B 
2 0 400
0 0 440
0 0 480
0 0 520
0 0 560
0 0 600
1 0 640
1 0 680
1 0 720
1 0 760
1 0 800
1 0 840
1 0 880
1 0 920
1 0 960
1 0 1000
1 0 1040
3 0 1080
2 40 400
0 40 440
0 40 480
0 40 520
0 40 560
0 40 600
1 40 640
1 40 680
1 40 720
1 40 760
1 40 800
1 40 840
1 40 880
1 40 920
1 40 960
1 40 1000
1 40 1040
3 40 1080
2 80 400
0 80 440
0 80 480
0 80 520
0 80 560
0 80 600
1 80 640
1 80 680
1 80 720
1 80 760
1 80 800
1 80 840
1 80 880
1 80 920
1 80 960
1 80 1000
1 80 1040
3 80 1080
2 120 440
0 120 480
0 120 520
0 120 560
0 120 600
0 120 640
1 120 680
1 120 720
1 120 760
1 120 800
1 120 840
1 120 880
1 120 920
1 120 960
1 120 1000
1 120 1040
1 120 1080
3 120 1120
2 160 440
0 160 480
0 160 520
0 160 560
0 160 600
0 160 640
1 160 680
1 160 720
1 160 760
1 160 800
1 160 840
1 160 880
1 160 920
1 160 960
1 160 1000
1 160 1040
1 160 1080
3 160 1120
2 200 480
0 200 520
0 200 560
0 200 600
0 200 640
0 200 680
1 200 720
1 200 760
1 200 800
1 200 840
1 200 880
1 200 920
1 200 960
1 200 1000
1 200 1040
1 200 1080
1 200 1120
3 200 1160
2 240 480
0 240 520
0 240 560
0 240 600
0 240 640
0 240 680
1 240 720
1 240 760
1 240 800
1 240 840
1 240 880
1 240 920
1 240 960
1 240 1000
1 240 1040
1 240 1080
1 240 1120
3 240 1160
2 280 480
0 280 520
0 280 560
0 280 600
0 280 640
0 280 680
1 280 720
1 280 760
1 280 800
1 280 840
1 280 880
1 280 920
1 280 960
1 280 1000
1 280 1040
1 280 1080
1 280 1120
3 280 1160
2 320 520
0 320 560
0 320 600
0 320 640
0 320 680
0 320 720
1 320 760
1 320 800
1 320 840
1 320 880
1 320 920
1 320 960
1 320 1000
1 320 1040
1 320 1080
1 320 1120
1 320 1160
3 320 1200
2 360 520
0 360 560
0 360 600
0 360 640
0 360 680
0 360 720
1 360 760
1 360 800
1 360 840
1 360 880
1 360 920
1 360 960
1 360 1000
1 360 1040
1 360 1080
1 360 1120
1 360 1160
3 360 1200
2 400 520
0 400 560
0 400 600
0 400 640
0 400 680
0 400 720
1 400 760
1 400 800
1 400 840
1 400 880
1 400 920
1 400 960
1 400 1000
1 400 1040
1 400 1080
1 400 1120
1 400 1160
3 400 1200
2 440 520
0 440 560
0 440 600
0 440 640
0 440 680
0 440 720
1 440 760
1 440 800
1 440 840
1 440 880
1 440 920
1 440 960
1 440 1000
1 440 1040
1 440 1080
1 440 1120
1 440 1160
3 440 1200
2 480 520
0 480 560
0 480 600
0 480 640
0 480 680
0 480 720
1 480 760
1 480 800
1 480 840
1 480 880
1 480 920
1 480 960
1 480 1000
1 480 1040
1 480 1080
1 480 1120
1 480 1160
3 480 1200
2 520 520
0 520 560
0 520 600
0 520 640
0 520 680
0 520 720
1 520 760
1 520 800
1 520 840
1 520 880
1 520 920
1 520 960
1 520 1000
1 520 1040
1 520 1080
1 520 1120
1 520 1160
3 520 1200
2 560 520
0 560 560
0 560 600
0 560 640
0 560 680
0 560 720
1 560 760
1 560 800
1 560 840
1 560 880
1 560 920
1 560 960
1 560 1000
1 560 1040
1 560 1080
1 560 1120
1 560 1160
3 560 1200
2 600 520
0 600 560
0 600 600
0 600 640
0 600 680
0 600 720
1 600 760
1 600 800
1 600 840
1 600 880
1 600 920
1 600 960
1 600 1000
1 600 1040
1 600 1080
1 600 1120
1 600 1160
3 600 1200
2 640 520
0 640 560
0 640 600
0 640 640
0 640 680
0 640 720
1 640 760
1 640 800
1 640 840
1 640 880
1 640 920
1 640 960
1 640 1000
1 640 1040
1 640 1080
1 640 1120
1 640 1160
3 640 1200
2 680 520
0 680 560
0 680 600
0 680 640
0 680 680
0 680 720
1 680 760
1 680 800
1 680 840
1 680 880
1 680 920
1 680 960
1 680 1000
1 680 1040
1 680 1080
1 680 1120
1 680 1160
3 680 1200
2 720 520
0 720 560
0 720 600
0 720 640
0 720 680
0 720 720
1 720 760
1 720 800
1 720 840
1 720 880
1 720 920
1 720 960
1 720 1000
1 720 1040
1 720 1080
1 720 1120
1 720 1160
3 720 1200
2 760 520
0 760 560
0 760 600
0 760 640
0 760 680
0 760 720
1 760 760
1 760 800
1 760 840
1 760 880
1 760 920
1 760 960
1 760 1000
1 760 1040
1 760 1080
1 760 1120
1 760 1160
3 760 1200
2 800 520
0 800 560
0 800 600
0 800 640
0 800 680
0 800 720
1 800 760
1 800 800
1 800 840
1 800 880
1 800 920
1 800 960
1 800 1000
1 800 1040
1 800 1080
1 800 1120
1 800 1160
3 800 1200
2 840 480
0 840 520
0 840 560
0 840 600
0 840 640
0 840 680
1 840 720
1 840 760
1 840 800
1 840 840
1 840 880
1 840 920
1 840 960
1 840 1000
1 840 1040
1 840 1080
1 840 1120
3 840 1160
2 880 480
0 880 520
0 880 560
0 880 600
0 880 640
0 880 680
1 880 720
1 880 760
1 880 800
1 880 840
1 880 880
1 880 920
1 880 960
1 880 1000
1 880 1040
1 880 1080
1 880 1120
3 880 1160
2 920 480
0 920 520
0 920 560
0 920 600
0 920 640
0 920 680
1 920 720
1 920 760
1 920 800
1 920 840
1 920 880
1 920 920
1 920 960
1 920 1000
1 920 1040
1 920 1080
1 920 1120
3 920 1160
2 960 440
0 960 480
0 960 520
0 960 560
0 960 600
0 960 640
1 960 680
1 960 720
1 960 760
1 960 800
1 960 840
1 960 880
1 960 920
1 960 960
1 960 1000
1 960 1040
1 960 1080
3 960 1120
2 960 440
0 960 480
0 960 520
0 960 560
0 960 600
0 960 640
1 960 680
1 960 720
1 960 760
1 960 800
1 960 840
1 960 880
1 960 920
1 960 960
1 960 1000
1 960 1040
1 960 1080
3 960 1120
2 -40 400
0 -40 440
0 -40 480
0 -40 520
0 -40 560
0 -40 600
1 -40 640
1 -40 680
1 -40 720
1 -40 760
1 -40 800
1 -40 840
1 -40 880
1 -40 920
1 -40 960
1 -40 1000
1 -40 1040
3 -40 1080
I 
?|?|?|?|?|?|?|?|
M 
0 -148 -40 960 1.4000000000000006 8 0.0
